0 1 0.0741461 0.077074 0.999997 1.00788 0.980662 0.999997 0.999997
1 1 0.0357896 0.0382424 0.999997 0.944525 1.05713 0.999997 0.999997
2 -3.93062e-06 0.998495 0.998403 0.999997 0.978517 1.02252 0.978485 1.02256
3 1.06224e-05 0.989979 0.989797 0.999997 0.987578 1.01245 0.987444 1.0126
4 -5.13131e-05 0.959769 0.957573 0.999997 0.95701 1.04353 0.954785 1.04494
5 2.97041e-06 0.579033 0.526956 0.999997 0.928508 1.06564 0.871919 1.10984
6 -1.38122e-07 0.991097 0.990611 0.999997 1.00446 0.996714 1.00444 0.996694
7 -1.431e-07 0.999134 0.998983 0.999997 1.00031 0.999467 1.00031 0.999466
8 2.17055e-08 0.998926 0.998914 0.999997 0.994487 1.00551 0.994481 1.00552
9 1.87955e-06 0.864588 0.860405 0.999997 1.00243 0.991563 1.00247 0.990877
10 8.5994e-07 0.606663 0.508504 0.999997 1.00856 0.987665 1.01388 0.979789
11 -7.59242e-07 0.915899 0.910737 0.999997 0.979411 1.02155 0.9783 1.02334
12 -5.78746e-07 0.984389 0.984943 0.999997 1.0001 0.999469 1.0001 0.999461
13 5.91394e-07 0.983893 0.982749 0.999997 0.997438 1.00184 0.997392 1.00187
14 -1.44064e-05 0.818564 0.991242 0.999997 0.987541 1.00363 0.984455 1.00366
15 1.01604e-07 0.999101 0.999087 0.999997 0.999625 1.00044 0.999624 1.00044
16 -3.89423e-07 0.994021 0.994143 0.999997 0.998896 1.00111 0.998889 1.00112
17 -1.11153e-06 0.967837 0.969737 0.999997 0.99788 1.00131 0.997861 1.00237
18 1.67151e-05 0.971383 0.994274 0.999997 0.997842 1.00074 0.997697 1.00075
19 -2.08082e-05 0.954605 0.986419 0.999997 0.998085 1.00146 0.997987 1.00149
20 -3.05616e-07 0.999659 0.999166 0.999997 1.00013 0.999691 1.00013 0.999691
21 1.16319e-07 0.92002 0.900833 0.999997 1.00294 0.994353 1.00247 0.993623
22 -2.03207e-06 0.91677 0.905429 0.999997 1.00298 0.994406 1.00246 0.993713
23 -1.46096e-07 0.995594 0.995294 0.999997 1.00062 0.999041 1.00062 0.999037
24 -7.12449e-07 0.997398 0.997137 0.999997 1.002 0.998273 1.002 0.998271
25 -1.42933e-07 0.998657 0.99874 0.999997 0.999826 0.999963 0.999826 0.999963
26 -1.58917e-07 0.999071 0.998914 0.999997 1.00032 0.999449 1.00032 0.999448
27 2.29203e-07 0.995044 0.99132 0.999997 1.00448 1.00086 1.0045 1.00086
28 -8.94851e-07 0.983636 0.983654 0.999997 1.00454 0.994065 1.00461 0.993973
29 -9.7654e-07 0.983708 0.983689 0.999997 1.00539 0.993439 1.00547 0.993315
30 -1.44369e-06 0.980072 0.980025 0.999997 1.00471 0.994367 1.0048 0.99428
31 -8.86305e-07 0.983647 0.983666 0.999997 1.00457 0.994049 1.00464 0.993943
32 -8.91404e-07 0.983484 0.983485 0.999997 1.00523 0.993628 1.00534 0.993535
33 -8.82095e-07 0.983828 0.983825 0.999997 1.00512 0.993723 1.0052 0.993583
34 -8.96464e-07 0.983638 0.983656 0.999997 1.00457 0.994033 1.00464 0.993937
35 -8.9363e-07 0.983631 0.983649 0.999997 1.00457 0.994032 1.00464 0.993942
36 -1.96874e-07 0.983744 0.983933 0.999997 1.00114 0.998907 1.00116 0.998889
37 -9.14918e-07 0.983302 0.983322 0.999997 1.00409 0.994677 1.00416 0.994571
38 -8.87055e-07 0.983769 0.983786 0.999997 1.00455 0.994102 1.00462 0.994008
39 -8.88423e-07 0.983598 0.983615 0.999997 1.00465 0.993931 1.00473 0.993845
40 -8.96188e-07 0.983636 0.983654 0.999997 1.00454 0.994065 1.00461 0.993973
41 -8.83291e-07 0.983617 0.983635 0.999997 1.00454 0.994082 1.00461 0.993988
42 -7.96517e-07 0.982318 0.982395 0.999997 1.0045 0.995378 1.00478 0.995291
43 -3.69306e-07 0.998743 0.999161 0.999997 1.0039 1.0028 1.0039 1.0028
44 6.8137e-07 0.994136 0.993741 0.999997 0.994632 1.00064 0.994599 1.00064
45 2.46023e-06 0.894656 0.915914 0.999997 0.987452 1.01368 0.985069 1.01426
46 1.79887e-05 0.739623 0.771012 0.999997 1.01037 1.01938 1.01609 1.02513
47 8.96312e-06 0.984859 0.984217 0.999997 1.00244 1.01086 1.00251 1.01109
48 3.67139e-06 0.684667 0.733134 0.999997 0.960329 1.03151 0.938268 1.04131
49 -3.60847e-07 0.997342 0.995276 0.999997 1.00165 1.00415 1.00166 1.00417
50 -1.4429e-06 0.973292 0.973986 0.999997 1.00304 0.986937 1.00312 0.986769
51 -2.6702e-06 0.952029 0.970626 0.999997 1.00369 0.999524 1.00386 0.999511
52 -2.63486e-06 0.993415 0.956335 0.999997 0.986088 1.01897 0.985996 1.01984
53 -8.97285e-07 0.912117 0.884513 0.999997 0.980209 1.00336 0.978242 1.00389
54 -3.28083e-06 0.952404 0.948433 0.999997 1.02109 0.996524 1.02215 0.99626
55 -8.39459e-06 0.95749 0.902105 0.999997 0.998489 1.01085 0.998428 1.0121
56 -5.03792e-07 0.974649 0.924633 0.999997 0.987754 0.973048 0.987231 0.971829
57 -3.96723e-06 0.990962 0.951232 0.999997 1.00494 0.99968 1.00499 1.00016
58 -1.77847e-06 0.972766 0.993067 0.999997 1.00802 0.99732 1.00824 0.997301
59 -7.72111e-07 0.997859 0.996523 0.999997 1.00323 0.996499 1.00324 0.996487
60 -4.00821e-05 0.671484 0.757497 0.999997 1.06923 0.944572 1.10723 0.927439
61 7.08031e-06 0.891587 0.922364 0.999997 0.985695 1.01036 0.984079 1.0111
62 8.93496e-07 0.987391 0.981514 0.999997 0.995607 1.00686 0.995549 1.00699
63 5.4973e-06 0.806409 0.809132 0.999997 1.037 0.949403 1.04591 0.936135
64 -8.64473e-07 0.99374 0.995173 0.999997 0.983217 1.01611 0.983111 1.01619
65 2.75075e-06 0.245215 0.277083 0.999997 0.955439 1.03329 0.822791 1.04343
66 -5.10157e-06 0.239105 0.237041 0.999997 1.0548 0.949779 1.23232 0.752734
67 -1.2088e-05 0.88019 0.874826 0.999997 0.954198 1.05478 0.949212 1.06257
68 2.14127e-06 0.167919 0.170231 0.999997 0.872931 1.11581 0.219537 1.61968
69 -2.04899e-06 0.598969 0.541471 0.999997 1.04288 0.966117 1.07126 0.943485
70 1.23177e-05 0.89207 0.926896 0.999997 0.988733 1.00905 0.987293 1.00962
71 5.26364e-06 0.865476 0.90776 0.999997 1.00069 0.978799 1.00043 0.977119
72 -1.00444e-06 0.963284 0.964212 0.999997 1.01798 0.982176 1.01864 0.981365
73 6.55305e-07 0.996416 0.994961 0.999997 1.00355 0.998529 1.00356 0.998522
74 8.92735e-07 0.974766 0.982332 0.999997 0.998833 1.00116 0.998795 1.00118
75 -1.73382e-06 0.907179 0.910806 0.999997 1.01557 0.983545 1.01723 0.981768
76 1.73002e-05 0.760885 0.674705 0.999997 0.933902 1.03675 0.915245 1.0546
77 6.05263e-07 0.999507 0.999613 0.999997 0.995283 1.00342 0.995281 1.00342
78 8.88508e-07 0.982398 0.983463 0.999997 1.00102 0.996932 1.00277 0.995961
79 8.96332e-07 0.999977 0.999977 0.999997 0.979497 1.02138 0.979497 1.02138
80 -7.92214e-07 0.998653 0.998343 0.999997 0.987739 1.0137 0.987722 1.01372
81 -9.65045e-07 0.943607 0.931635 0.999997 0.973197 1.02926 0.971616 1.0314
82 -2.03758e-06 0.804867 0.771465 0.999997 1.00687 0.991893 1.00669 0.988952
83 -4.20248e-08 0.999952 0.999946 0.999997 0.998965 1.00109 0.998965 1.00109
84 -6.06956e-07 0.99216 0.992267 0.999997 0.995479 1.00412 0.995443 1.00415
85 -1.05386e-07 0.996949 0.996942 0.999997 1.00293 0.996947 1.00294 0.99694
86 8.27102e-06 0.999099 0.99923 0.999997 0.874517 1.12916 0.874412 1.12926
87 9.16461e-07 0.995129 0.994569 0.999997 0.992776 1.00917 0.992741 1.00924
88 -3.99127e-06 0.934659 0.948864 0.999997 0.984196 1.00551 0.983363 1.00572
89 -4.13978e-06 0.905535 0.928646 0.999997 0.990797 0.980559 0.989505 0.978995
90 8.95115e-07 0.980599 0.982187 0.999997 0.976781 1.01505 0.976327 1.01531
91 1 0.0196993 0.019433 0.999997 1.00549 0.994895 0.999997 0.999997
92 1 0.0194089 0.0191607 0.999997 0.999842 1.00022 0.999997 0.999997
93 1 0.0393387 0.0383253 0.999997 0.999715 1.00273 0.999997 0.999997
94 1 0.0468563 0.0454381 0.999997 0.994862 1.00797 0.999997 0.999997
95 1 0.058795 0.056604 0.999997 0.986606 1.01774 0.999997 0.999997
96 1 0.0671415 0.0643717 0.999997 0.975988 1.02942 0.999997 0.999997
97 1 0.107752 0.100791 0.999997 0.955537 1.04539 0.999997 0.999997
98 1 0.0202501 0.0199689 0.999997 0.99579 1.00361 0.999997 0.999997
99 1 0.0221601 0.0218256 0.999997 1.00525 0.995248 0.999997 0.999997
100 1 0.0259356 0.0254756 0.999997 1.00241 0.997545 0.999997 0.999997
101 1 0.0302731 0.0296526 0.999997 1.00842 0.991968 0.999997 0.999997
102 1 0.0263231 0.0258661 0.999997 1.00285 0.997164 0.999997 0.999997
103 1 0.0267704 0.026293 0.999997 1.00779 0.992654 0.999997 0.999997
104 1 0.0318557 0.0311828 0.999997 1.00608 0.995428 0.999997 0.999997
105 1 0.0359917 0.0351278 0.999997 1.01247 0.989163 0.999997 0.999997
106 1 0.0219331 0.0216367 0.999997 1.01151 0.985556 0.999997 0.999997
107 1 0.0143965 0.01425 0.999997 0.995983 1.00401 0.999997 0.999997
108 1 0.0270503 0.0265532 0.999997 1.01434 0.98708 0.999997 0.999997
109 1 0.0338223 0.0330574 0.999997 1.01087 0.990925 0.999997 0.999997
110 1 0.0359104 0.0350453 0.999997 1.01818 0.983189 0.999997 0.999997
111 1 0.0460958 0.0447084 0.999997 1.00239 1.00011 0.999997 0.999997
112 1 0.0718125 0.0685194 0.999997 0.985257 1.01848 0.999997 0.999997
113 1 0.0166972 0.0165092 0.999997 0.996996 1.00315 0.999997 0.999997
114 1 0.0179049 0.0176978 0.999997 0.988066 1.01208 0.999997 0.999997
115 1 0.0163054 0.016134 0.999997 0.985478 1.01443 0.999997 0.999997
116 1 0.0177318 0.0175226 0.999997 0.987564 1.01275 0.999997 0.999997
117 1 0.0185958 0.0183741 0.999997 0.999073 1.00102 0.999997 0.999997
118 1 0.020734 0.0204391 0.999997 1.00308 0.997393 0.999997 0.999997
119 1 0.0205018 0.0202184 0.999997 1.0029 0.997597 0.999997 0.999997
120 1 0.0235314 0.0231603 0.999997 1.00794 0.992607 0.999997 0.999997
121 1 0.00993648 0.00986929 0.999997 0.980844 1.0187 0.999997 0.999997
122 1 0.0102551 0.0101724 0.999997 0.993332 1.00707 0.999997 0.999997
123 1 0.0210092 0.020715 0.999997 1.0032 0.998069 0.999997 0.999997
124 1 0.0261607 0.0257093 0.999997 0.995641 1.00693 0.999997 0.999997
125 1 0.0298535 0.0292811 0.999997 0.986139 1.01577 0.999997 0.999997
126 1 0.0380511 0.0371328 0.999997 0.974897 1.02905 0.999997 0.999997
127 1 0.0533671 0.051645 0.999997 0.940766 1.06056 0.999997 0.999997
128 1 0.0108366 0.0107534 0.999997 1.00427 0.996034 0.999997 0.999997
129 1 0.0107029 0.010623 0.999997 1.00647 0.994304 0.999997 0.999997
130 1 0.0114954 0.0113939 0.999997 1.00289 0.997612 0.999997 0.999997
131 1 0.0131665 0.0130397 0.999997 1.00617 0.994469 0.999997 0.999997
132 1 0.0150813 0.0149169 0.999997 1.02228 0.977406 0.999997 0.999997
133 1 0.0181514 0.0179161 0.999997 1.02247 0.9778 0.999997 0.999997
134 1 0.0179015 0.0176776 0.999997 1.01984 0.981379 0.999997 0.999997
135 1 0.0197306 0.0194655 0.999997 1.0037 0.996932 0.999997 0.999997
136 1 0.010702 0.010624 0.999997 1.00221 0.997831 0.999997 0.999997
137 1 0.0118364 0.0117434 0.999997 0.994785 1.00543 0.999997 0.999997
138 0.999997 0.377629 0.344066 0.999997 0.999997 0.999997 0.999997 0.999997
