    sampleName       entries      integral         error  error/integ.
  EW62LepFid-1       1035497       424.974      0.578559     0.0013614
            ZZ         72523       1371.44       7.32494    0.00534104
            WZ        212283       3513.23       11.8518    0.00337346
            WW            22       2.60077       0.68481       0.26331
             Z       6237300        251970       741.403    0.00294243
             W          1211        72.416       6.74008     0.0930744
   stopWtDilep          2085       269.197       6.22781     0.0231348
        stopWt             0             0             0             0
         stopt           397       19.0148       1.08117     0.0568596
         stops            17      0.438753      0.114618      0.261235
         ttbar         47995       1800.81       8.40342    0.00466647
         bkg:    6.57383e+06        259019
          data        222685        222685
