    sampleName       entries      integral         error  error/integ.
  EW62LepFid-1         69221       31.2049      0.153909    0.00493222
            ZZ          3249       67.8069       1.47472     0.0217488
            WZ         13423       233.937       2.77595     0.0118663
            WW             3       0.37306      0.237964      0.637871
             Z        581980       8619.13       36.1366     0.0041926
             W           165       3.83535      0.754811      0.196804
   stopWtDilep            68       7.97923       1.06896      0.133968
        stopWt             0             0             0             0
         stopt             8      0.446476      0.160288      0.359008
         stops             1     0.0435912     0.0435912             1
         ttbar          1230       45.6626       1.33353      0.029204
         bkg:         600127       8979.21
          data          7255          7255
