0 0.886451 0.0938238 0.0955364 -0.0712681 -1.3473 1.18067 -0.0712681 -0.0712681
1 1.02934 0.0481955 0.0475213 -0.0712681 -1.42786 1.39933 -0.0712681 -0.0712681
2 -0.00916752 0.998495 0.998329 -0.0712681 -0.146343 0.0274079 -0.146457 0.02758
3 -0.161462 1.00485 0.982216 -0.0712681 -0.354033 0.208098 -0.357324 0.212282
4 -0.33023 1.02049 0.933555 -0.0712681 -0.864987 0.592679 -0.849265 0.628331
5 0.164387 0.647263 0.590257 -0.0712681 -0.810619 0.629641 -1.2747 1.04409
6 0.0683472 0.987638 0.981974 -0.0712681 -0.210826 0.0194116 -0.212514 0.0210358
7 0.0727951 0.997011 0.995688 -0.0712681 -0.0819677 -0.0599533 -0.0820006 -0.0599047
8 -0.601429 0.912482 0.910063 -0.0712681 -0.881211 0.712649 -0.955108 0.798735
9 0.00441878 0.604432 0.530453 -0.0712681 -1.1601 1.27655 -1.72511 2.70977
10 -0.411592 0.929142 0.919735 -0.0712681 -0.119739 -0.0138122 -0.123639 -0.00987352
11 -0.174248 0.986372 0.986087 -0.0712681 0.0218708 -0.169472 0.023124 -0.170809
12 0.0929631 0.987185 0.987325 -0.0712681 -0.16632 0.0330049 -0.167273 0.0344018
13 -0.205716 0.680651 0.887994 -0.0712681 0.0388353 -0.0837133 0.108273 -0.0862168
14 0.0310936 0.999038 0.998995 -0.0712681 -0.102671 -0.0415764 -0.1027 -0.0415482
15 -0.0991547 0.994484 0.994245 -0.0712681 0.027671 -0.168833 0.0282212 -0.169383
16 -0.217883 0.97369 0.9727 -0.0712681 0.106969 -0.268961 0.111865 -0.274807
17 -0.190655 0.861241 0.952533 -0.0712681 -0.0783284 -0.0825352 -0.079906 -0.0829852
18 0.213614 0.973377 1.06369 -0.0712681 -0.330629 0.0898271 -0.328994 0.0820522
19 0.0190689 0.995987 0.995468 -0.0712681 -0.0719757 -0.0675314 -0.0719789 -0.067514
20 0.549365 0.932506 0.907095 -0.0712681 -0.0790495 -0.044256 -0.0788564 -0.0408773
21 0.569903 0.924969 0.920143 -0.0712681 -0.0771554 -0.0597974 -0.0765681 -0.0576485
22 0.141435 0.995305 0.99372 -0.0712681 -0.0826762 -0.0474685 -0.0826257 -0.0473133
23 -0.121964 0.985412 0.991164 -0.0712681 -0.106591 -0.0629288 -0.107136 -0.0628829
24 0.167962 0.985909 0.970259 -0.0712681 -0.0378192 -0.109348 -0.0373508 -0.11056
25 0.0753138 0.996965 0.995583 -0.0712681 -0.0823584 -0.059577 -0.0823929 -0.0595254
26 -0.105246 0.999917 0.998089 -0.0712681 -0.068995 -0.0818769 -0.0689948 -0.0818882
27 -0.0846909 0.99888 0.998936 -0.0712681 0.0277502 -0.169884 0.0278606 -0.169989
28 -0.0842603 0.998903 0.998951 -0.0712681 0.0264381 -0.168601 0.0265485 -0.168703
29 -0.0840269 0.998897 0.99895 -0.0712681 0.0273331 -0.169478 0.0274427 -0.16958
30 -0.0851038 0.998871 0.998928 -0.0712681 0.0280163 -0.170146 0.0281295 -0.17025
31 -0.0852061 0.998854 0.998929 -0.0712681 0.0257965 -0.167885 0.0259078 -0.167989
32 -0.0851066 0.998888 0.998939 -0.0712681 0.0282339 -0.170392 0.0283449 -0.170496
33 -0.084654 0.99888 0.998937 -0.0712681 0.0275701 -0.1697 0.0276793 -0.169803
34 -0.0846478 0.998882 0.998937 -0.0712681 0.0277887 -0.169924 0.0278997 -0.170028
35 -0.0818889 0.998955 0.999001 -0.0712681 0.0148227 -0.156813 0.0149107 -0.156897
36 -0.0849195 0.998887 0.998934 -0.0712681 0.0286358 -0.170802 0.0287452 -0.170909
37 -0.0842038 0.998878 0.998945 -0.0712681 0.0267941 -0.168911 0.0269055 -0.169015
38 -0.0848153 0.998878 0.998932 -0.0712681 0.028043 -0.170181 0.0281556 -0.170288
39 -0.0846909 0.99888 0.998936 -0.0712681 0.027748 -0.169884 0.0278584 -0.169989
40 -0.084629 0.998879 0.998934 -0.0712681 0.0277542 -0.16989 0.027868 -0.169994
41 -0.0870323 0.998854 0.998893 -0.0712681 0.0332335 -0.175411 0.033353 -0.17553
42 0.481356 0.947808 0.999253 -0.0712681 -0.483739 0.404404 -0.506624 0.40469
43 0.0258069 0.660484 0.676682 -0.0712681 0.873317 -1.04677 1.33765 -1.47133
44 0.166541 1.00078 1.0194 -0.0712681 -0.131267 -0.142406 -0.131347 -0.140643
45 0.923392 0.723027 0.689308 -0.0712681 0.985628 -1.00897 1.39141 -1.3883
46 0.025506 1.01488 1.01718 -0.0712681 -0.0730236 -0.0804238 -0.0730036 -0.0802685
47 0.0179393 1.0362 1.04051 -0.0712681 -0.0800444 -0.337187 -0.0803073 -0.326801
48 0.0582132 0.984348 0.978551 -0.0712681 -0.0729517 -0.0117104 -0.0729909 -0.0103637
49 0.0435373 1.00801 1.0114 -0.0712681 -0.0388554 -0.187851 -0.0391216 -0.186532
50 0.00651144 1.00492 1.00514 -0.0712681 -0.0736603 -0.070592 -0.0736486 -0.0705955
51 0.040586 0.627244 0.672254 -0.0712681 1.05662 -1.18292 1.73561 -1.7112
52 0.036409 0.922393 0.941999 -0.0712681 0.285554 -0.351123 0.325892 -0.367687
53 0.0432619 1.00052 1.00119 -0.0712681 -0.0183601 -0.125541 -0.018386 -0.125477
54 0.0239346 0.811447 0.829581 -0.0712681 0.392111 -0.130124 0.527299 -0.140072
55 0.04937 0.996221 0.995147 -0.0712681 -0.0180555 -0.128279 -0.0178521 -0.128557
56 0.109073 0.307748 0.303517 -0.0712681 2.20635 -2.38651 4.99998 -3.40854
57 0.435175 0.334143 0.331127 -0.0712681 3.19839 -3.47708 5 -5
58 0.150518 0.975871 0.9695 -0.0712681 0.223297 -0.328916 0.231215 -0.335969
59 0.127992 0.227961 0.230096 -0.0712681 -1.95255 1.76078 -4.99954 4.99968
60 0.619395 0.732541 0.683989 -0.0712681 1.60395 -1.75325 2.17844 -2.56278
61 -0.062622 0.945314 0.952946 -0.0712681 0.549197 -0.605692 0.586291 -0.63083
62 -0.758465 0.993941 0.858727 -0.0712681 0.68885 -0.779631 0.692897 -0.900163
63 0.124084 0.998134 0.998643 -0.0712681 -0.102737 -0.0391561 -0.102795 -0.0391125
64 0.000173326 1 1.00001 -0.0712681 -0.0845502 -0.0493562 -0.0845407 -0.0493389
65 -0.573021 0.898814 0.908885 -0.0712681 -0.413681 0.368119 -0.449127 0.414835
66 0.70387 0.877573 1.03713 -0.0712681 -1.11283 1.19889 -1.26036 1.14875
67 0.00514892 0.997083 0.996997 -0.0712681 -0.0729704 -0.0697956 -0.0729753 -0.0697911
68 0.145703 0.992 0.997459 -0.0712681 0.0952456 -0.227633 0.0966414 -0.228014
69 -3.71379e-05 0.999996 1 -0.0712681 -0.0711663 -0.0713743 -0.0711663 -0.0713743
70 -0.00335362 0.999693 0.999556 -0.0712681 -0.101285 -0.0381065 -0.101294 -0.0380916
71 0.138331 0.992797 0.988157 -0.0712681 -0.0380483 -0.107859 -0.0377968 -0.108291
72 0.168284 0.842236 0.806829 -0.0712681 0.495303 -0.603086 0.610819 -0.730237
73 -0.00648425 1.00019 1.00018 -0.0712681 -0.0719995 -0.0704885 -0.0719994 -0.0704886
74 -0.0657358 0.997626 0.997666 -0.0712681 -0.081353 -0.061 -0.0813767 -0.0609755
75 -1.80717e-05 1 1.00003 -0.0712681 -0.0705922 -0.0719705 -0.0705922 -0.0719705
76 -0.0954975 1.00113 1.00077 -0.0712681 -0.0353013 -0.10743 -0.035342 -0.107403
77 -0.0394243 1.01436 1.01324 -0.0712681 0.111854 -0.238422 0.109244 -0.236266
78 -0.107626 1.10622 1.0457 -0.0712681 -0.308998 0.0908306 -0.286196 0.0759607
79 -0.161621 1.04744 1.01728 -0.0712681 -0.562044 0.0259986 -0.535467 0.0237715
80 0.997525 0.0198339 0.0195652 -0.0712681 0.12306 -0.249652 -0.0712681 -0.0712681
81 0.990156 0.0194179 0.0191533 -0.0712681 0.192908 -0.311689 -0.0712681 -0.0712681
82 1.01268 0.0205522 0.0202825 -0.0712681 -0.18274 0.0840474 -0.0712681 -0.0712681
83 0.997228 0.0224607 0.0221064 -0.0712681 0.109591 -0.192808 -0.0712681 -0.0712681
84 1.00023 0.0263421 0.0258748 -0.0712681 -0.0395766 -0.0166556 -0.0712681 -0.0712681
85 0.989178 0.0308751 0.0302335 -0.0712681 -0.137317 0.140306 -0.0712681 -0.0712681
86 1.01295 0.0276198 0.027202 -0.0712681 -1.04294 0.942267 -0.0712681 -0.0712681
87 1.00961 0.0219215 0.0215981 -0.0712681 0.0806729 -0.204363 -0.0712681 -0.0712681
88 1.00601 0.0145241 0.0143801 -0.0712681 -0.0259537 -0.108724 -0.0712681 -0.0712681
89 0.993502 0.0169591 0.0167602 -0.0712681 -0.0196688 -0.109122 -0.0712681 -0.0712681
90 0.982502 0.0181262 0.0178914 -0.0712681 0.0351641 -0.146682 -0.0712681 -0.0712681
91 1.01004 0.010101 0.0100312 -0.0712681 -0.447885 0.314557 -0.0712681 -0.0712681
92 0.990808 0.0101258 0.010051 -0.0712681 0.0419995 -0.165946 -0.0712681 -0.0712681
93 1.00887 0.0108746 0.0107939 -0.0712681 -0.10323 -0.0124948 -0.0712681 -0.0712681
94 0.99031 0.0106655 0.0105795 -0.0712681 0.244177 -0.341532 -0.0712681 -0.0712681
95 0.992087 0.0114386 0.0113425 -0.0712681 0.0937818 -0.185214 -0.0712681 -0.0712681
96 1.00385 0.0134579 0.0133347 -0.0712681 -0.140445 0.0632448 -0.0712681 -0.0712681
97 1.00534 0.0159419 0.0157873 -0.0712681 -0.571902 0.495779 -0.0712681 -0.0712681
98 1.00052 0.0107282 0.0106481 -0.0712681 0.0325064 -0.149753 -0.0712681 -0.0712681
99 0.996257 0.0118279 0.0117364 -0.0712681 -0.329383 0.204614 -0.0712681 -0.0712681
100 -0.0712681 4.46676 4.5691 -0.0712681 -0.0712681 -0.0712681 -0.0712681 -0.0712681
