    sampleName       entries      integral         error  error/integ.
  EW62LepFid-1       1510437       670.518      0.746408    0.00111318
            ZZ        106499        1989.1       8.84046    0.00444446
            WZ        305984       5031.15       14.1958    0.00282159
            WW            30       3.51661      0.795351       0.22617
             Z       8454604        368900       921.947    0.00249918
             W          1673       102.734       7.62618     0.0742324
   stopWtDilep          2800       359.072       7.19628     0.0200413
        stopWt             0             0             0             0
         stopt           525       24.9622       1.23877     0.0496259
         stops            25      0.719835      0.152176      0.211404
         ttbar        299721         10756       20.6301      0.001918
         bkg:    9.17186e+06        387167
          data        315898        315898
