    sampleName       entries      integral         error  error/integ.
  EW62LepFid-1       1035497       424.974      0.578559     0.0013614
            ZZ         72523       1371.44       7.32494    0.00534104
            WZ        212283       3513.23       11.8518    0.00337346
            WW            22       2.60077       0.68481       0.26331
             Z       6237300        254114       751.095    0.00295574
             W          1211       63.5399        6.0608     0.0953857
   stopWtDilep          2085       269.197       6.22781     0.0231348
        stopWt             0             0             0             0
         stopt           397       19.0148       1.08117     0.0568596
         stops            17      0.438753      0.114618      0.261235
         ttbar        213791       7696.42       17.4646    0.00226918
         bkg:    6.73963e+06        267050
          data        222685        222685
