    sampleName       entries      integral         error  error/integ.
  EW62LepFid-1         69221       31.2049      0.153909    0.00493222
            ZZ          3249       67.8069       1.47472     0.0217488
            WZ         13423       233.937       2.77595     0.0118663
            WW             3       0.37306      0.237964      0.637871
             Z        581980       8708.23       38.0929    0.00437436
             W           165       3.29157      0.645251      0.196031
   stopWtDilep            68       7.97923       1.06896      0.133968
        stopWt             0             0             0             0
         stopt             8      0.446476      0.160288      0.359008
         stops             1     0.0435912     0.0435912             1
         ttbar          5920       206.662       2.84193     0.0137516
         bkg:         604817       9228.77
          data          7255          7255
